version https://git-lfs.github.com/spec/v1
oid sha256:54a5a6e5408668e668667efc50de2fc867c1b875e0431b4f54dd331b0a109a4e
size 150034
